1 0.2712109375 0.8144788333333333 0.451875 0.1841670000000001
1 0.1046484375 0.8259374999999999 0.03 0.048333000000000105
1 0.1677734375 0.7889065833333334 0.03 0.05166599999999999
1 0.1697265625 0.8411458333333334 0.034999999999999976 0.05749999999999996
1 0.1812890625 0.7773961666666667 0.019375000000000003 0.03666600000000001
1 0.2404296875 0.8267190833333333 0.03750000000000003 0.06666599999999996
1 0.2494921875 0.8741149166666666 0.053125000000000006 0.061666000000000075
1 0.2557421875 0.7835934166666666 0.05312499999999998 0.07583400000000011
1 0.27125 0.8480725833333334 0.03187499999999999 0.051666999999999984
1 0.2861328125 0.8879684166666667 0.04125000000000001 0.04666699999999994
1 0.3077734375 0.7917190833333333 0.06187499999999996 0.06750000000000005
1 0.315390625 0.8496871666666667 0.051875000000000004 0.06916700000000005
1 0.3356640625 0.921458 0.018124999999999947 0.0324999999999999
1 0.5974999999999999 0.8596878333333332 0.5318750000000001 0.27750000000000014
1 0.36859375 0.8756253333333334 0.05562499999999998 0.07333299999999987
1 0.3795703125 0.8867190833333334 0.05812499999999998 0.06583300000000003
1 0.4034375 0.9209378333333333 0.08000000000000002 0.08916600000000008
1 0.4219921875 0.84567675 0.05375000000000002 0.05666700000000002
1 0.444140625 0.7517705 0.051875000000000004 0.0483340000000001
1 0.4456640625 0.8865625 0.050624999999999976 0.07916699999999999
1 0.4586328125 0.81703125 0.04250000000000004 0.03916699999999995
1 0.4851171875 0.9210937500000002 0.05437500000000006 0.11916699999999987
1 0.491953125 0.8389583333333333 0.06687500000000002 0.0741670000000001
1 0.4895703125 0.7937496666666667 0.026875000000000038 0.022500000000000114
1 0.5137890625 0.7791145833333334 0.018124999999999947 0.020832999999999952
1 0.5182421875 0.79505175 0.022500000000000075 0.025833999999999985
1 0.5313671875 0.76921875 0.021874999999999978 0.025832999999999995
1 0.5494921875 0.85734375 0.05312500000000009 0.05666700000000002
1 0.5532421875 0.88151075 0.05312499999999998 0.05666599999999988
1 0.547578125 0.7802600833333333 0.03562500000000002 0.03416700000000006
1 0.5544140625 0.8108850833333334 0.04999999999999993 0.06583399999999988
1 0.58 0.97869825 0.032500000000000084 0.040000000000000036
1 0.6069140625 0.9195833333333333 0.08062499999999995 0.1041669999999999
1 0.5956640625 0.84067675 0.04999999999999993 0.05500000000000016
1 0.6159765625 0.8316663333333333 0.03375000000000006 0.041667000000000044
1 0.6341015625 0.9797920000000001 0.06624999999999992 0.03333299999999998
1 0.6490234375 0.88265625 0.06062499999999993 0.07083299999999992
1 0.654765625 0.8246871666666666 0.05249999999999999 0.06999999999999999
1 0.685859375 0.9311461666666666 0.07499999999999996 0.10000000000000009
1 0.69375 0.97869825 0.0625 0.040000000000000036
1 0.6965625 0.8352086666666666 0.04875000000000007 0.05333300000000015
1 0.7204296875 0.8942184166666668 0.06937499999999996 0.10833399999999986
1 0.7166015625 0.8134899166666667 0.03500000000000003 0.03083299999999989
1 0.7440625 0.9783333333333334 0.048125000000000084 0.041667000000000044
1 0.7505078125 0.8306253333333333 0.04125000000000001 0.0741660000000001
1 0.7583203125 0.954583 0.05812499999999998 0.06333400000000007
1 0.7734765625 0.8485934166666667 0.06625000000000003 0.07583399999999996
1 0.7675390625 0.7926559166666668 0.04999999999999993 0.02916699999999987
1 0.7715625 0.9270312500000001 0.04749999999999999 0.040000000000000036
1 0.7923046875 0.89005175 0.03874999999999995 0.024166999999999977
1 0.81265625 0.8205725833333334 0.040000000000000036 0.051666999999999984
1 0.823125 0.8747919999999999 0.03249999999999997 0.03333299999999998
1 0.8402734375 0.8633333333333333 0.06062499999999993 0.04250000000000013
