1 0.010416666666666666 0.3485546875 0.023333000000000003 0.03749999999999998
1 0.01171875 0.2487109375 0.025000000000000005 0.04562499999999997
1 0.01953125 0.19265625 0.039167 0.03937499999999999
1 0.033698250000000006 0.3335546875 0.040833 0.03749999999999998
1 0.054635416666666665 0.314921875 0.04499999999999999 0.028749999999999998
1 0.05750033333333333 0.2419140625 0.043333 0.018750000000000017
1 0.06526008333333333 0.180078125 0.034167 0.036250000000000004
1 0.09791699999999999 0.2094921875 0.063333 0.021874999999999978
1 0.10359408333333332 0.1820703125 0.03416600000000001 0.02562500000000001
1 0.11916633333333333 0.2408984375 0.043333999999999984 0.030625000000000013
1 0.16250033333333333 0.2273046875 0.04333299999999999 0.037500000000000006
1 0.19947883333333336 0.1612890625 0.059167000000000004 0.05000000000000002
1 0.2152086666666667 0.1286328125 0.05249999999999999 0.04250000000000001
1 0.30932291666666667 0.1243359375 0.15500000000000003 0.14
1 0.30317675 0.3226953125 0.055000000000000014 0.05812499999999998
1 0.3111458333333333 0.3712109375 0.05750000000000003 0.04625000000000001
1 0.34640658333333335 0.390859375 0.050000000000000044 0.04312499999999997
1 0.3661458333333334 0.3413671875 0.05916699999999997 0.05437500000000001
1 0.45697883333333333 0.346328125 0.05916699999999997 0.03562500000000002
1 0.45828091666666665 0.30609375 0.06166699999999999 0.05499999999999999
1 0.48567674999999993 0.26851562500000004 0.05666700000000002 0.05124999999999999
1 0.5241149166666667 0.3344921875 0.05999999999999991 0.05312500000000003
1 0.5343746666666668 0.288359375 0.05416699999999993 0.04437500000000005
1 0.5924479166666666 0.26847656249999996 0.06166700000000006 0.06500000000000003
1 0.6628645833333334 0.246953125 0.08166699999999993 0.06687500000000002
1 0.7109378333333334 0.18515625 0.09083299999999994 0.07125000000000001
1 0.7577600833333333 0.287421875 0.03416700000000006 0.027500000000000024
1 0.8052086666666667 0.28640625 0.05250000000000007 0.03937500000000005
1 0.9506770833333333 0.19359375 0.09666700000000006 0.0875
1 0.981458 0.1728125 0.033333999999999975 0.07874999999999999
