1 0.0771484375 0.4025524166666667 0.155 0.233333
1 0.1297265625 0.7563541666666667 0.12875 0.19499999999999998
1 0.11796875 0.580208 0.08750000000000001 0.09500000000000004
1 0.17109375 0.9085416666666667 0.18125000000000002 0.178333
1 0.21640625 0.35817675 0.13375 0.18000000000000002
1 0.22796875 0.16067708333333333 0.15000000000000002 0.22333299999999998
1 0.2640625 0.7013020833333332 0.20375000000000001 0.25499999999999995
1 0.25300781250000004 0.5231767500000001 0.16624999999999998 0.18166699999999994
1 0.365625 0.33895800000000004 0.21875 0.28166699999999995
1 0.3504296875 0.0234375 0.13125000000000003 0.048332999999999994
1 0.4430078125 0.7241666666666666 0.16749999999999998 0.20999999999999996
1 0.4615234375 0.91369825 0.18625000000000003 0.1666659999999999
1 0.5915625 0.7643749999999999 0.14249999999999996 0.21999999999999997
1 0.6566015625 0.4181774166666667 0.22250000000000003 0.26499999999999996
1 0.593515625 0.9317711666666666 0.08250000000000002 0.13166600000000006
1 0.6974609375 0.9013541666666667 0.1712499999999999 0.19333299999999998
1 0.679921875 0.7929684166666666 0.09124999999999994 0.17000000000000007
1 0.740234375 0.1132295 0.16874999999999996 0.205
1 0.7822265625 0.7031774166666667 0.19125000000000003 0.263333
1 0.8216796875 0.91536425 0.06874999999999998 0.16500000000000004
1 0.8925390625 0.4054166666666667 0.20624999999999993 0.27166700000000005
