1 0.0126951875 0.5755209166666666 0.021485 0.0286460000000001
1 0.0146483125 0.59635375 0.025391 0.024739999999999984
1 0.0498046875 0.7291668333333332 0.039062 0.05859400000000011
1 0.0429685 0.56901075 0.017578000000000003 0.026040999999999908
1 0.0888668125 0.7356769166666668 0.041993 0.05989599999999987
1 0.1015626875 0.9375 0.038085999999999995 0.0625
1 0.1269530625 0.8658855 0.049805 0.04947900000000013
1 0.13964825 0.5494788333333332 0.07128899999999999 0.057292000000000044
1 0.13085912500000002 0.9192705 0.036132999999999985 0.046875
1 0.1972659375 0.8072915000000002 0.04492200000000002 0.048176999999999914
1 0.197266 0.7643233333333334 0.03125 0.04296799999999997
1 0.217773625 0.4283858333333333 0.020508 0.027342999999999968
1 0.233398 0.7695314999999999 0.032227000000000006 0.048176999999999914
1 0.233398375 0.6940103333333334 0.012695000000000012 0.04296899999999981
1 0.2666014375 0.6783855833333332 0.029297000000000017 0.05078100000000011
1 0.4140625 0.5651045833333334 0.015625 0.020832999999999952
1 0.4345705 0.5664058333333334 0.016600999999999977 0.026042000000000048
1 0.4433589375 0.5755209166666666 0.014649000000000023 0.0286460000000001
1 0.5048826875 0.98567675 0.038086000000000064 0.024739999999999984
1 0.5986330625 0.6510419166666667 0.01855399999999996 0.031249999999999927
1 0.599609625 0.8151045833333334 0.02050799999999997 0.020832999999999952
1 0.6132813125 0.83854175 0.02636700000000003 0.02473900000000014
1 0.647461375 0.5000005 0.07617099999999999 0.08072900000000005
1 0.62304675 0.6432289166666666 0.02343800000000007 0.029948000000000086
1 0.6259765 0.8164066666666666 0.015625 0.02343700000000008
1 0.6406251875 0.5651038333333332 0.022461000000000064 0.027344000000000108
1 0.65722625 0.5716145 0.008788999999999936 0.0182289999999999
