1 0.388671875 0.6660993529411764 0.77875 0.663841
1 0.54984375 0.26070123529411765 0.05625000000000002 0.04331500000000002
1 0.587421875 0.23998523529411767 0.028125000000000067 0.04237299999999999
1 0.7856640625 0.317608 0.42562500000000003 0.300377
1 0.780703125 0.8849313529411763 0.03624999999999989 0.06214700000000013
1 0.7896875 0.9280129999999999 0.04812499999999997 0.051789000000000085
1 0.7990234375 0.9680905882352941 0.061249999999999916 0.055555000000000083
1 0.7992578125 0.8098975882352941 0.0412499999999999 0.055556000000000064
1 0.805234375 0.7655254117647059 0.04375000000000007 0.048964000000000014
1 0.813359375 0.8478588235294118 0.04437500000000005 0.04425699999999993
1 0.8403515625 0.7950649411764705 0.06500000000000006 0.06591299999999996
1 0.8502734375 0.9514901176470588 0.06125000000000003 0.07156300000000011
1 0.8584375 0.8735790588235295 0.04749999999999999 0.03672299999999997
1 0.8926953125 0.8450871176470588 0.05812499999999998 0.07156300000000011
1 0.90359375 0.9147671176470586 0.05625000000000002 0.07156300000000011
1 0.9087109375 0.9668000588235294 0.04500000000000004 0.03672299999999997
1 0.9545703125 0.9264785294117647 0.057499999999999996 0.06968000000000012
1 0.9659375 0.9693278235294118 0.04874999999999996 0.046139999999999924
1 0.9755859375 0.8698653529411766 0.04625000000000001 0.062146999999999966
