1 0.0595703125 0.3833989375 0.120312 0.10781200000000002
1 0.057812 0.5734375 0.095313 0.109375
1 0.17578175000000001 0.2474609375 0.11875000000000001 0.10937499999999997
1 0.210547375 0.326171875 0.10624900000000001 0.09062500000000001
1 0.172265625 0.515234375 0.020311999999999997 0.043749999999999956
1 0.234765625 0.2904296875 0.051563 0.07031200000000004
1 0.2578125 0.7718755 0.078125 0.078125
1 0.3349614375 0.123828625 0.12343699999999996 0.114062
1 0.3505859375 0.3931645625 0.10781200000000002 0.12812400000000002
1 0.5513676875 0.646483875 0.13281200000000004 0.15312499999999996
1 0.5623046875 0.2560541875 0.13281199999999999 0.11562599999999998
1 0.55703075 0.9107421875 0.11875099999999994 0.11718699999999993
1 0.6794921875 0.301953625 0.08593700000000004 0.082812
1 0.7740234375 0.173046375 0.12343799999999994 0.10625000000000001
1 0.7625 0.7455083125 0.0625 0.057811999999999975
1 0.7830078125 0.3423833125 0.104688 0.12031200000000003
1 0.8091791875 0.26796875 0.05312600000000001 0.056249999999999994
1 0.861327625 0.7431635625 0.14531299999999991 0.09687599999999996
1 0.8103515625 0.2654296875 0.034375000000000044 0.03749999999999998
