1 0.1259150805270864 0.718507875 0.252252 0.246328
1 0.22718160761346995 0.8376965625 0.08208200000000002 0.03404499999999999
1 0.23804312298682284 0.808236125 0.095095 0.06675600000000004
1 0.4863778052708639 0.4605239375 0.520521 0.13885199999999998
1 0.28201238067349926 0.7779374375 0.10010000000000005 0.061415
1 0.3165842518301611 0.82974675 0.097097 0.056074999999999986
1 0.3328992210834554 0.804528375 0.07407399999999997 0.04339100000000007
1 0.35238134992679354 0.75517925 0.07707699999999998 0.04071999999999998
1 0.3639302210834553 0.7215415625 0.07407400000000001 0.03404499999999999
1 0.3934223499267935 0.7932415625 0.07707699999999998 0.06542000000000003
1 0.6822294436310395 0.7962271875 0.6266269999999999 0.303071
1 0.4238407364568082 0.747019625 0.08708699999999997 0.05140200000000006
1 0.4538707364568082 0.712405375 0.08508499999999997 0.04472699999999996
1 0.4848269941434846 0.68555475 0.092093 0.056074999999999986
