1 0.700390625 0.34967767605633804 0.1137499999999999 0.10550099999999996
1 0.4851953125 0.6018073943661971 0.08937500000000004 0.17763700000000002
1 0.48625 0.49706001408450706 0.03187499999999993 0.05680800000000002
1 0.5485546875 0.4227609436619718 0.13249999999999995 0.175834
1 0.5748828125 0.7583176338028169 0.1050000000000001 0.136159
1 0.602265625 0.3485528732394366 0.08250000000000002 0.09558199999999997
1 0.7071875 0.7691386338028169 0.11125000000000007 0.13706000000000004
1 0.7512109375 0.43455057746478876 0.10875000000000001 0.11091100000000005
1 0.7720703125 0.6591894788732394 0.08937499999999998 0.11632100000000004
1 0.7955078125 0.5274197887323944 0.10375000000000001 0.156898
