Strawberry 121.6 207.895758 161.600512 279.859398
Strawberry 127.200256 432.583032 248.800256 544.52727
Strawberry 169.6 508.54545 278.4 630.883638
Strawberry 235.199488 300.64969199999996 326.4 365.416968
Strawberry 348.8 288.65495400000003 427.200512 419.789496
Strawberry 402.400256 334.232724 509.599744 415.791516
Strawberry 549.600256 372.613332 736.0 497.350308
Strawberry 760.800256 211.893738 827.200512 263.067882
Strawberry 855.199744 361.41898799999996 956.000256 458.170104
Strawberry 881.599488 381.408888 1010.400256 470.96364000000005
