Strawberry 846.08 135.830942 992.64 263.974036
Strawberry 0.0 0.0 204.8 592.65959
Strawberry 0.0 0.0 213.12 223.60873600000002
Strawberry 200.96 121.09453400000001 790.4 682.359346
Strawberry 334.08 0.0 795.52 47.412493999999995
Strawberry 346.24 70.478087 495.36 165.303758
Strawberry 353.28 0.0 432.0 39.723963
Strawberry 432.0 0.0 520.96 48.694485
Strawberry 530.56 1.2813080000000001 648.32 48.694485
Strawberry 653.44 0.0 750.72 48.694485
Strawberry 838.4 73.68204 1023.36 600.348121
Strawberry 839.68 271.662567 951.04 410.696779
Strawberry 842.88 0.0 1023.36 19.862323
Strawberry 855.68 0.0 959.36 26.269546000000002
Strawberry 873.6 389.55314799999996 963.84 508.085066
Strawberry 907.52 445.936164 1023.36 594.581552
Strawberry 946.56 0.0 1023.36 24.987555
Strawberry 947.2 325.482284 1023.36 472.20571
Strawberry 949.76 199.261835 1023.36 331.889507
