Tomato 46.72 555.519744 509.44 696.96
Tomato 92.16 616.3199999999999 122.88 653.439744
Tomato 156.8 586.880256 187.52 626.559744
Tomato 156.8 624.0 192.64 668.16
Tomato 176.64 583.040256 196.48 611.199744
Tomato 227.2 609.920256 265.6 661.119744
Tomato 228.48 648.320256 282.88 695.679744
Tomato 234.88 572.7997439999999 289.28 631.040256
Tomato 261.76 632.319744 294.4 672.0
Tomato 272.0 664.959744 314.24 700.8
Tomato 284.16 583.040256 347.52 634.880256
Tomato 296.96 626.559744 350.08 679.6800000000001
Tomato 334.72 695.679744 353.28 720.639744
Tomato 339.84 554.2402559999999 884.48 767.360256
Tomato 349.44 644.480256 406.4 700.8
Tomato 359.68 656.000256 419.2 706.5600000000001
Tomato 373.12 673.280256 455.04 741.7597440000001
Tomato 405.12 628.479744 460.16 672.0
Tomato 428.8 559.359744 481.92 596.480256
Tomato 431.36 650.88 483.2 711.680256
Tomato 448.64 612.48 492.16 642.560256
Tomato 469.76 662.4000000000001 525.44 753.920256
Tomato 469.76 616.3199999999999 538.24 673.280256
Tomato 488.32 601.599744 515.84 618.8797440000001
Tomato 517.12 591.36 535.68 607.359744
Tomato 519.68 601.599744 542.72 621.440256
Tomato 533.12 581.76 555.52 601.599744
Tomato 535.68 637.4399999999999 590.08 680.960256
Tomato 539.52 656.000256 593.92 699.519744
Tomato 542.72 586.239744 579.2 612.48
Tomato 542.72 597.7597440000001 593.92 648.320256
Tomato 577.92 736.640256 611.2 767.360256
Tomato 580.48 666.24 663.04 746.2402559999999
Tomato 584.96 624.639744 636.16 666.8797440000001
Tomato 613.76 622.719744 648.32 654.72
Tomato 616.32 740.480256 684.16 766.08
Tomato 633.6 650.88 695.68 705.2797439999999
Tomato 644.48 607.359744 698.24 661.119744
Tomato 664.32 677.1202559999999 741.12 753.920256
Tomato 678.4 736.640256 742.4 767.360256
Tomato 689.28 621.440256 739.2 662.4000000000001
Tomato 702.72 645.7597440000001 773.76 728.960256
Tomato 716.8 613.760256 752.64 637.4399999999999
Tomato 737.92 735.36 787.2 767.360256
Tomato 747.52 609.920256 789.76 666.8797440000001
Tomato 747.52 709.119744 807.04 757.760256
Tomato 759.04 622.719744 826.88 680.960256
Tomato 760.96 597.7597440000001 812.16 620.16
Tomato 766.08 696.96 814.72 727.6800000000001
Tomato 792.32 674.559744 832.0 693.12
Tomato 812.16 611.199744 853.12 650.88
Tomato 826.88 659.840256 860.16 685.4399999999999
Tomato 829.44 647.04 891.52 679.6800000000001
