Tomato 356.48 193.451174 535.04 384.980099
Tomato 397.44 343.98411600000003 524.8 437.50686
Tomato 439.04 73.665389 517.76 190.88862799999998
Tomato 446.08 119.78578499999999 682.24 292.738628
Tomato 462.72 620.068232 603.52 678.359703
Tomato 497.28 286.332942 582.4 396.510198
Tomato 535.04 406.118727 658.56 630.317058
Tomato 558.72 221.635785 748.8 358.717058
Tomato 603.52 579.07157 830.08 676.437454
Tomato 647.68 417.64882600000004 805.12 592.523918
Tomato 650.24 87.117058 763.52 249.821075
Tomato 657.28 310.034116 760.96 461.207355
Tomato 718.72 12.171075 867.2 144.768232
Tomato 722.56 128.754017 907.52 278.645983
Tomato 744.96 366.40401699999995 902.4 554.0898020000001
