Tomato 0.0 220.160256 158.72 399.36
Tomato 67.84 506.88 199.68 656.64
Tomato 76.8 409.599744 166.4 482.559744
Tomato 83.2 629.76 268.8 766.719744
Tomato 153.6 206.079744 290.56 344.319744
Tomato 157.44 38.400000000000006 311.04 209.91974399999998
Tomato 166.4 441.59999999999997 375.04 637.4399999999999
Tomato 174.08 332.79974400000003 344.32 472.32
Tomato 262.4 152.31974400000001 486.4 368.64
Tomato 291.84 0.0 426.24 37.119744
Tomato 368.64 476.15999999999997 540.16 637.4399999999999
Tomato 377.6 638.7202560000001 568.32 766.719744
Tomato 533.76 503.04 679.68 672.0
Tomato 559.36 220.160256 787.2 423.680256
Tomato 565.76 665.600256 650.24 766.719744
Tomato 627.2 618.24 802.56 766.719744
Tomato 650.24 543.999744 743.68 674.559744
Tomato 672.0 8.960256000000001 844.8 166.400256
Tomato 704.0 439.040256 899.84 641.28
Tomato 806.4 639.999744 876.8 766.719744
Tomato 808.96 207.36 1020.16 416.00025600000004
