1 0.4350390625 0.42481763475699563 0.17437499999999995 0.28207499999999996
1 0.4496484375 0.5743506863033874 0.12437499999999996 0.137736
1 0.4668359375 0.193910734904271 0.07687499999999997 0.17264099999999996
1 0.5508593749999999 0.3030718483063328 0.23062500000000002 0.254717
1 0.520234375 0.9559178674521355 0.13749999999999996 0.08584900000000001
1 0.526640625 0.50269947275405 0.083125 0.162264
1 0.5820703125 0.7630614536082475 0.12062499999999998 0.330189
1 0.6383984375 0.42656227540500735 0.18562499999999993 0.201887
1 0.6997265625 0.9235221944035346 0.22125000000000006 0.14339600000000008
1 0.708671875 0.7432236023564065 0.15375000000000005 0.2575479999999999
1 0.6896875 0.24759507805596465 0.11062499999999997 0.23962300000000003
1 0.6916796875 0.5670605537555228 0.10125000000000006 0.22264100000000003
1 0.774140625 0.11512676730486009 0.14500000000000002 0.195283
1 0.79546875 0.2986067997054492 0.18062500000000004 0.220754
1 0.803671875 0.6765891266568482 0.15374999999999994 0.2764150000000002
