1 0.08052663836017569 0.5732425625 0.10688199999999999 0.06542899999999996
1 0.22108345534407028 0.5332034375 0.4421669999999999 0.18554700000000002
1 0.6383604377745241 0.919922 0.717423 0.15722599999999998
1 0.3543193133235725 0.963867125 0.144949 0.06835899999999995
1 0.4128843133235725 0.98535175 0.14348499999999992 0.024414000000000047
1 0.49048295754026355 0.9453123125 0.15812599999999996 0.08789099999999994
1 0.560761699853587 0.9736325 0.155197 0.04882799999999998
1 0.6266469267935579 0.91210925 0.13616399999999995 0.07128900000000005
1 0.6866766691068814 0.9589844375 0.13177099999999992 0.06054700000000002
1 0.6866766076134699 0.9931638125 0.08345500000000004 0.01074200000000003
1 0.7452416383601757 0.899414 0.1083450000000001 0.0625
1 0.8213759267935578 0.9541013125 0.1376280000000001 0.08886700000000003
1 0.8565157979502197 0.8710933125 0.133235 0.08789100000000005
1 0.9355784114202049 0.913086 0.12445100000000005 0.0957030000000001
1 0.9443633806734992 0.97753925 0.10102500000000006 0.041015000000000024
1 0.9619329633967789 0.861328625 0.07027799999999997 0.05273400000000006
