Strawberry 98.71872 393.202688 289.46432 587.293696
Strawberry 100.391936 522.039296 302.850048 786.405376
Strawberry 210.823168 311.216128 383.163392 483.555328
Strawberry 257.673216 670.954496 468.496384 903.529472
Strawberry 286.117888 381.490176 478.53568 572.235776
Strawberry 311.216128 525.385728 486.90176 694.37952
Strawberry 317.908992 192.418816 471.842816 393.202688
Strawberry 381.490176 73.62048 525.385728 261.019648
Strawberry 403.241984 289.46432 599.006208 453.43744
Strawberry 431.686656 749.594624 619.0848 953.725952
Strawberry 455.110656 602.35264 660.9152 791.425024
Strawberry 461.80352 197.43744 590.640128 324.600832
Strawberry 463.476736 431.686656 635.81696 612.391936
Strawberry 555.503616 118.797312 694.37952 267.712512
Strawberry 572.235776 254.326784 707.764224 376.470528
Strawberry 592.313344 331.293696 761.307136 523.712512
Strawberry 625.777664 513.673216 828.235776 717.80352
Strawberry 679.320576 143.895552 855.006208 331.293696
Strawberry 727.842816 261.019648 885.124096 436.706304
Strawberry 739.555328 428.340224 923.608064 595.659776
