Tomato 1.999872 431.00006399999995 24.000512 453.000192
Tomato 1.999872 448.99968 28.000256 468.0
Tomato 32.0 538.0001279999999 71.999488 583.00032
Tomato 35.999744 428.00025600000004 53.999616 447.99974399999996
Tomato 69.999616 541.9998720000001 113.000448 588.0
Tomato 85.000192 696.0 124.000256 744.0
Tomato 104.999936 647.000064 156.000256 684.999936
Tomato 106.999808 399.99974399999996 179.999744 444.0
Tomato 115.999744 687.999744 152.999936 723.999744
Tomato 179.00032 601.9998720000001 225.000448 638.999808
Tomato 186.000384 571.00032 218.000384 603.999744
Tomato 213.000192 319.00032 234.000384 339.99974399999996
Tomato 222.999552 573.000192 256.0 610.0001279999999
Tomato 232.999936 516.999936 245.999616 550.0001279999999
Tomato 257.999872 502.00012799999996 288.0 540.999936
Tomato 416.0 427.00032 432.0 443.00006399999995
Tomato 437.000192 424.99968 453.999616 444.99993600000005
Tomato 446.999552 431.00006399999995 462.000128 453.000192
Tomato 497.999872 747.999744 536.999936 767.000064
Tomato 604.000256 489.000192 622.999552 513.000192
Tomato 604.000256 619.00032 625.000448 635.000064
Tomato 615.000064 635.000064 641.999872 653.9996160000001
Tomato 625.000448 354.000384 702.999552 416.00025600000004
Tomato 625.999872 482.999808 650.000384 505.99987200000004
Tomato 632.999936 619.00032 648.999936 636.999936
Tomato 645.000192 423.99974399999996 668.000256 444.99993600000005
Tomato 668.99968 432.99993600000005 677.999616 446.999808
