Tomato 0.0 227.94755999999998 797.44 679.35944
Tomato 535.04 163.27684 592.64 192.73104
Tomato 587.52 149.18996 616.32 178.0036
Tomato 587.52 113.97344000000001 1023.36 318.2298
Tomato 781.44 580.7533199999999 818.56 623.01328
Tomato 784.64 614.0488399999999 833.92 649.26536
Tomato 787.2 640.3016 849.92 678.0790000000001
Tomato 797.44 532.73036 839.68 570.5084400000001
Tomato 802.56 504.55728 847.36 537.8528
Tomato 810.88 561.544 856.32 591.6387599999999
Tomato 827.52 518.6441599999999 894.08 563.4649999999999
Tomato 839.68 623.01328 902.4 671.6761200000001
Tomato 855.04 582.03376 903.68 607.0054
Tomato 885.12 550.65924 944.64 599.32208
Tomato 897.28 598.0416399999999 954.88 646.70448
Tomato 907.52 645.42404 953.6 670.39568
Tomato 948.48 607.0054 1007.36 654.3878000000001
Tomato 965.12 644.14292 1015.04 675.51812
Tomato 976.0 570.5084400000001 1023.36 612.7684
