Tomato 0.0 337.600512 123.199488 448.0
Tomato 11.199488 531.2 108.8 643.2
Tomato 120.000512 198.4 241.600512 310.4
Tomato 161.600512 288.0 270.399488 380.8
Tomato 166.4 505.6 187.199488 550.4
Tomato 214.4 262.4 267.200512 334.399488
Tomato 224.0 750.400512 304.0 830.400512
Tomato 280.000512 68.800512 406.4 185.6
Tomato 304.0 337.600512 414.399488 468.799488
Tomato 497.600512 583.999488 633.6 740.799488
Tomato 508.8 203.199488 644.799488 321.600512
Tomato 510.399488 873.6 632.000512 993.599488
Tomato 652.8 267.200512 740.799488 352.0
Tomato 729.6 123.199488 856.000512 231.999488
Tomato 748.8 734.400512 812.8 793.6
Tomato 748.8 289.600512 856.000512 412.8
Tomato 801.599488 246.4 856.000512 304.0
Tomato 807.999488 711.999488 956.8 811.200512
Tomato 812.8 252.8 848.0 291.2
