Tomato 0.0 337.92 17.919744 376.32
Tomato 0.0 231.68 19.200000000000003 278.4
Tomato 0.0 177.28 30.080256 217.6
Tomato 10.880256000000001 322.56 42.24 360.96
Tomato 24.96 308.48 59.519999999999996 337.92
Tomato 28.160255999999997 238.72 61.44 257.92
Tomato 37.119744 166.4 63.36 203.52
Tomato 51.200256 203.52 99.84 225.92
Tomato 66.560256 173.44 92.799744 199.68
Tomato 75.519744 231.68 108.80025599999999 263.04
Tomato 108.80025599999999 213.76 142.07999999999998 252.16
Tomato 131.199744 140.16 176.64000000000001 191.36
Tomato 145.280256 110.72 185.600256 154.24
Tomato 178.56 56.32 297.6 199.68
Tomato 211.839744 301.44 254.079744 360.96
Tomato 216.95999999999998 357.12 261.12 404.48
Tomato 247.040256 378.24 285.44025600000003 422.4
Tomato 259.20000000000005 322.56 304.640256 378.24
Tomato 328.959744 336.64 374.4 373.12
Tomato 328.959744 285.44 376.32 341.76
Tomato 351.99974399999996 248.96 395.52 301.44
Tomato 379.520256 315.52 425.60025599999994 369.92
Tomato 390.39974400000006 273.28 432.0 318.72
Tomato 432.0 241.92 479.36025600000005 308.48
Tomato 478.08000000000004 218.88 540.800256 287.36
Tomato 512.000256 153.6 581.76 226.56
Tomato 568.959744 280.32 595.2 308.48
Tomato 598.400256 273.28 638.7202560000001 313.6
Tomato 693.12 154.24 767.360256 243.84
Tomato 741.7597440000001 136.96 767.360256 217.6
