Tomato 18.999693999999998 554.000384 92.00009999999999 620.99968
Tomato 0.0 451.00032 302.00006099999996 641.000448
Tomato 192.000179 862.000128 682.000088 1022.999552
Tomato 193.00009100000003 952.999936 292.00025800000003 1022.999552
Tomato 232.999986 997.000192 331.00024099999996 1022.000128
Tomato 280.99986 922.999808 388.999918 1013.000192
Tomato 331.00024099999996 972.99968 436.99979199999996 1022.999552
Tomato 381.99985100000004 897.999872 474.999863 970.999808
Tomato 425.000165 951.000064 514.9997579999999 1013.000192
Tomato 441.000123 1011.999744 497.999888 1022.999552
Tomato 473.00003899999996 888.999936 546.999674 952.999936
Tomato 514.9997579999999 931.999744 608.999682 1022.999552
Tomato 540.0002900000001 846.999552 630.9997950000001 936.999936
Tomato 597.000055 887.000064 682.000088 984.999936
Tomato 611.000189 981.000192 680.000264 1022.999552
Tomato 634.000214 856.000512 682.000088 910.000128
