Tomato 0.0 609.752064 172.28811599999997 861.991936
Tomato 127.165038 840.80128 183.227044 875.66336
Tomato 130.583453 793.633792 195.533338 861.991936
Tomato 155.196041 400.576512 510.711884 542.76096
Tomato 158.614456 765.607936 226.98275600000002 828.496896
Tomato 183.227044 821.660672 249.544295 879.081472
Tomato 202.370168 801.837056 252.96271 846.26944
Tomato 214.676462 753.303552 267.320053 795.000832
Tomato 223.56434099999998 721.85856 274.156883 756.72064
Tomato 242.70746499999998 779.27936 295.35105599999997 846.26944
Tomato 252.96271 660.33664 680.948951 970.681344
Tomato 260.483223 738.948096 319.963644 791.583744
Tomato 280.993713 707.503104 339.106768 753.303552
Tomato 300.136837 674.008064 363.036356 731.428864
